n2: 0.0003321644809933311
n4: 0.00032403989130401316
n6: 0.000657768224882414
n8: 0.002102693785815194